1.0	0.08784	0.046456000000000004	0.0
0.7050557900277002	0.087802861875878	0.04634884355916564	1.0
0.7050557900277002	0.08780090654363691	0.046252049661696826	2.0
0.6975976436566742	0.08782328931956272	0.04614675976729284	3.0
0.6903856142613178	0.08787425169993085	0.04607700288198514	4.0
0.6830975799442628	0.08796125746638907	0.04600394722534051	5.0
0.6759033344873921	0.08801845557480743	0.04594865691055457	6.0
0.6683377820960763	0.08808384751007664	0.04592615683463805	7.0
0.6608225330084858	0.08815354487390427	0.045943313314165075	8.0
0.6537272666280812	0.08818914580405277	0.04597220939354662	9.0
0.6464390466902425	0.0882626982039179	0.04602744503655039	10.0
0.639039393021478	0.0882626982039179	0.04602744503655039	11.0
0.639039393021478	0.08829120256220979	0.04608850117535516	12.0
0.6320610679320513	0.08831225414583321	0.04616855807860009	13.0
0.624472064037881	0.0882779213341096	0.04627028662100162	14.0
0.6164615281394834	0.08828914858480041	0.04639221719060541	15.0
0.6096414086981887	0.08831555022461778	0.04651983656481633	16.0
0.6040786823368902	0.08827169451924631	0.046639825698640607	17.0
0.5996482682031987	0.08844612135388348	0.04688319349837439	18.0
0.6044347145010244	0.0885815882927783	0.04712523110549373	19.0
0.6088639753442904	0.08866757612337509	0.04724817765551186	20.0
0.6114835132152711	0.08866757612337509	0.04724817765551186	21.0
0.6114835132152711	0.08869611869355122	0.04738000665533415	22.0
0.6156049045963018	0.08886609464838724	0.04743381329788708	23.0
0.6200164718816323	0.08913234535570796	0.04749619003120784	24.0
0.6242717574727752	0.0891967043279844	0.04740278210788121	25.0
0.6270706437781977	0.08919876295104205	0.04723616791655333	26.0
0.630068366531065	0.08915380212235512	0.04710522846382937	27.0
0.6329088587208092	0.08920194923949676	0.04692266325589386	28.0
0.6370485529398193	0.08916134277586003	0.046744051207331286	29.0
0.6413808604328094	0.08907952416509334	0.04656774381693464	30.0
0.6462579723015113	0.08907952416509334	0.04656774381693464	31.0
0.6462579723015113	0.08887937247778897	0.04640928633425065	32.0
0.6513187575384268	0.08857034517148425	0.04626093996632094	33.0
0.6561793849113694	0.08833186787678862	0.04614798633235032	34.0
0.6606793363696748	0.08828480253910413	0.0460612684913652	35.0
0.6656138749255756	0.0883199999242088	0.045982268424845305	36.0
0.6709937501268236	0.08834481993072218	0.0459291387671872	37.0
0.6771503976946246	0.08836908211281319	0.04571077498643737	38.0
0.6777381991327954	0.08839985300158025	0.045475821678665776	39.0
0.6780657007606227	0.08855709203718573	0.045288333107403364	40.0
0.679017307643957	0.08855709203718573	0.045288333107403364	41.0
0.679017307643957	0.08845115796441336	0.04515285674336513	42.0
0.6803799054519749	0.08817829253726071	0.04501211361878783	43.0
0.6802024411679214	0.08799317100668032	0.04497886966378493	44.0
0.6783079188844834	0.08785707301857724	0.045090394585691675	45.0
0.677025277105015	0.08788409577273484	0.04496027179314327	46.0
0.6706890631222848	0.08782747548993598	0.04487063628148832	47.0
0.6665168892536943	0.08757067330608442	0.04486182279541222	48.0
0.6634118061815575	0.0872229865679314	0.04488582474866575	49.0
0.6610196764765047	0.08694440933801047	0.04492384556457984	50.0
0.6589075956546209	0.08694440933801047	0.04492384556457984	51.0
0.6589075956546209	0.08709220148797125	0.04493469985403505	52.0
0.6562012936036773	0.0871753800004882	0.04497782719585037	53.0
0.6538423948977705	0.08643048894822375	0.04494653007514545	54.0
0.6480852066537468	0.08568786845933944	0.04484672109883277	55.0
0.6415267490861544	0.08494676936487658	0.044935163254517976	56.0
0.6411116220119103	0.08419498401091216	0.0449557288040943	57.0
0.6415366043921166	0.08341320208976023	0.044808329656868984	58.0
0.637983575306407	0.0827453078170569	0.04451896963655345	59.0
0.6301459620250784	0.08224552094563999	0.044198451674760324	60.0
0.622596606514744	0.08224552094563999	0.044198451674760324	61.0
0.622596606514744	0.08187372039197606	0.04387429578035254	62.0
0.6150593581470236	0.0814845119395448	0.04353031311687367	63.0
0.6073748667725899	0.08124603090142125	0.0432104143608761	64.0
0.599393175276005	0.08108243084370609	0.04286418859484252	65.0
0.5913054418824547	0.08125274630575079	0.04258995129184447	66.0
0.5857887598564451	0.08138889811700022	0.04232850623230112	67.0
0.5800945181333976	0.08159031180665416	0.04216742036402531	68.0
0.5749160437020701	0.08180308629424521	0.0419996397014558	69.0
0.5706977066654757	0.08209474538010339	0.04186062154765324	70.0
0.5706534590375565	0.08209474538010339	0.04186062154765324	71.0
0.5706534590375565	0.08189985938509756	0.041572543971192664	72.0
0.5662830608136015	0.0817869243020724	0.04137296637550217	73.0
0.5623275829600282	0.08176033793301746	0.04122796703834724	74.0
0.5594711203485792	0.081935360625729	0.0410734404367593	75.0
0.5581003787961757	0.08197827251704891	0.04095939920136689	76.0
0.5551593245674676	0.08187037659608881	0.04088054408947647	77.0
0.553175761798524	0.0815899794151805	0.040829604655428814	78.0
0.5514443986765833	0.08147685800089019	0.04086262925677102	79.0
0.5520462318218695	0.08140167799640331	0.0409116699074272	80.0
0.5530388060718515	0.08140167799640331	0.0409116699074272	81.0
0.5530388060718515	0.08119932281455351	0.040682890711684995	82.0
0.5477454304117955	0.08108165039607164	0.04043236535445673	83.0
0.5439554446290509	0.08075196515382568	0.04017732359080306	84.0
0.540218993518404	0.08039739853803723	0.039820617968432157	85.0
0.5370326803593557	0.08004767560752661	0.03948096678793286	86.0
0.5337235443137905	0.07951136835842222	0.03912756737006173	87.0
0.5290984686927789	0.07902460036699144	0.03873815002570881	88.0
0.5247408910635302	0.07877093888493958	0.038481149666965794	89.0
0.5202761305069774	0.07856306149557116	0.038211341918654725	90.0
0.5157238339827898	0.07856306149557116	0.038211341918654725	91.0
0.5157238339827898	0.07831247329781249	0.03796322633909422	92.0
0.5114372770481097	0.07794036788965489	0.037797722204684685	93.0
0.5062179889142899	0.07752525896044384	0.03767088673792952	94.0
0.5009863762281631	0.07720552859598132	0.03756471772267235	95.0
0.49636960448087536	0.07691966027274057	0.03744269394087145	96.0
0.4937567909682558	0.07664142209753382	0.037358127492187115	97.0
0.4927758050272026	0.07642282049166331	0.037232413058184054	98.0
0.49114411881327613	0.0761600878754601	0.03701805410740386	99.0
0.48702323685427	0.07589263920500089	0.03664367502971357	100.0
0.48311122936015816	0.07589263920500089	0.03664367502971357	101.0
0.48311122936015816	0.07546881772116787	0.03629004895681175	102.0
0.47835083909528464	0.0750221833926708	0.03594804933124171	103.0
0.4736366200733817	0.07471299498571254	0.035511889073423515	104.0
0.4713857717243353	0.07442279079291707	0.03515482363377677	105.0
0.46983346549274047	0.07415053544701734	0.03478137224547417	106.0
0.4680885427057714	0.07363622855354705	0.034369413739925164	107.0
0.46648439167694594	0.07319019732319937	0.03396836486620117	108.0
0.4653057310779369	0.07288060440324988	0.03351179439795892	109.0
0.46258613382952507	0.07259028711227286	0.033172707440587576	110.0
0.4598771057640492	0.07259028711227286	0.033172707440587576	111.0
0.4598771057640492	0.07224501825861172	0.03277130307202693	112.0
0.45527717427838404	0.07189463263159071	0.03238585527243655	113.0
0.4513749315854846	0.07151874284565371	0.0320084976961455	114.0
0.4476608303437211	0.07096106789101304	0.03163492208453916	115.0
0.4436786276276954	0.07060536791338007	0.03127366288461318	116.0
0.43916626509334566	0.07018477738351077	0.030919476383024357	117.0
0.43516607834238685	0.06987079137057503	0.03063423586672267	118.0
0.43183141823591875	0.06955904861180626	0.030461882481337865	119.0
0.4293388412439116	0.0693937544336708	0.030398571742511312	120.0
0.4271194996133586	0.0693937544336708	0.030398571742511312	121.0
0.4271194996133586	0.06926946722749763	0.03038995762542725	122.0
0.4243489176307843	0.06910068373688237	0.030369188713578167	123.0
0.42045009164781877	0.06902489702390366	0.030313911434613566	124.0
0.41985794673301996	0.06887350551847303	0.030211914989716218	125.0
0.4208944604832776	0.06865280135590127	0.030140209326979424	126.0
0.42389379391110704	0.0685879982374673	0.030057039941199896	127.0
0.42842163425967295	0.06855868376242188	0.030001588323282716	128.0
0.43250819912613725	0.06832279273192807	0.030060421344169173	129.0
0.4368097327469657	0.0681071696553756	0.030145426758877086	130.0
0.44110576489777986	0.0681071696553756	0.030145426758877086	131.0
0.44110576489777986	0.06780780981145144	0.03026110896964264	132.0
0.445229797029668	0.06741562987611194	0.030332651168324953	133.0
0.44637914756710406	0.06704846082188766	0.030387297807069325	134.0
0.4478731883906702	0.06648773540723567	0.030430571137648132	135.0
0.4488144527901933	0.06603737440130661	0.030467755975205218	136.0
0.4492634066905067	0.06561513582994179	0.030517427904458744	137.0
0.45030649780206433	0.06532885118595533	0.030514307889524993	138.0
0.45111101701777395	0.06504646114146267	0.030512927107429852	139.0
0.4515100211230808	0.06466538251782945	0.030293641718723036	140.0
0.4486306288178579	0.06466538251782945	0.030293641718723036	141.0
0.4486306288178579	0.06413336343986613	0.030214420114047742	142.0
0.4466398549712353	0.06381437673132401	0.030039700033984127	143.0
0.4448474864889457	0.06333215998749289	0.029894695772456372	144.0
0.4428216062312748	0.06286772326962113	0.029783267126179874	145.0
0.44124758164245576	0.062403812720613266	0.029546974738409545	146.0
0.43705978055885	0.06170117270149167	0.02924495315454829	147.0
0.43187169007035675	0.0611109360479885	0.028943073704919255	148.0
0.42704784271425605	0.06050294611983983	0.02851182277157049	149.0
0.42224026847515533	0.060120060967184634	0.02807928141026299	150.0
0.41956444598253356	0.060120060967184634	0.02807928141026299	151.0
0.41956444598253356	0.05989805275483992	0.027669456014673285	152.0
0.41564179335679274	0.059661208385109354	0.027306758795829632	153.0
0.413745714854634	0.059399178391145904	0.027019472892088645	154.0
0.4119105102958678	0.0589454638364047	0.026673262004057584	155.0
0.40960329102812787	0.05857537111441413	0.02638385914591364	156.0
0.4075147460740338	0.05856717131059293	0.02604513067658582	157.0
0.4046624989368503	0.05846112492941242	0.025791157924907458	158.0
0.4014881978198154	0.058395298597352326	0.025540524141282214	159.0
0.39815974962525114	0.058300155338641274	0.025300156192151386	160.0
0.39477909338965295	0.058300155338641274	0.025300156192151386	161.0
0.39477909338965295	0.058103711816078714	0.025049496819184804	162.0
0.3889656340709941	0.05789516759197948	0.024813483343266315	163.0
0.38362476647946897	0.057731133830646944	0.02464425161605935	164.0
0.38230996897884856	0.0577073937568546	0.024542883423858516	165.0
0.38292354698827963	0.057781570875063866	0.024337787756938324	166.0
0.3836703738890992	0.05797220184489683	0.024077942223163024	167.0
0.382669818516924	0.05818003704369078	0.02381411132089751	168.0
0.3814775267152706	0.05839372061869146	0.023579655051086515	169.0
0.38041509591852896	0.0585964095366733	0.02333857990870365	170.0
0.379182218903777	0.0585964095366733	0.02333857990870365	171.0
0.379182218903777	0.05874745575565617	0.023110214187912176	172.0
0.37803970963347916	0.058556252899707055	0.022934602073876553	173.0
0.3749368512652062	0.058497077208017424	0.022770686852050494	174.0
0.3720023945992874	0.05845585038204105	0.022606114657360437	175.0
0.3696414598581617	0.05844541449574194	0.0224240906601614	176.0
0.36670005940725303	0.058517978009587863	0.022186715189828	177.0
0.3628838689574407	0.05851667196581576	0.021978391058266326	178.0
0.35883162456153594	0.05835507287159388	0.02174984092747991	179.0
0.35320541263239164	0.05819070176853031	0.021442551221559133	180.0
0.3498411211755791	0.05819070176853031	0.021442551221559133	181.0
0.3498411211755791	0.058187405024372446	0.02119695535486365	182.0
0.34415661819415977	0.058156163703248685	0.021000344087591803	183.0
0.33955761542793983	0.05817992194661996	0.02081602226141934	184.0
0.336007147380643	0.05806553745701602	0.020759407664690768	185.0
0.3302260346428598	0.05796603073975816	0.020772240031629984	186.0
0.3255852231460707	0.05779310716313047	0.020632540263411374	187.0
0.32029504127388847	0.057834984029915146	0.020505618187966507	188.0
0.3181293519086934	0.05767849035100503	0.020482706581577376	189.0
0.31298229850293774	0.05750570337772917	0.020537186360870627	190.0
0.3079349770944665	0.05750570337772917	0.020537186360870627	191.0
0.3079349770944665	0.05765645476183338	0.0205060038729068	192.0
0.303784622504807	0.057856121515313955	0.02046124954977716	193.0
0.3027704623050521	0.05810383260744664	0.020392601398045274	194.0
0.3027289806141967	0.058265352320477845	0.020377266950414426	195.0
0.3057763811662986	0.05852132892037646	0.020326541337924997	196.0
0.3093207071476927	0.058716232758354796	0.020295710726499997	197.0
0.31262523095334827	0.05880429460606364	0.020302092475759554	198.0
0.31582417928888834	0.05878829819215549	0.020318863477321807	199.0
0.3188341870580643	0.058785009348571796	0.020323783108631942	200.0
0.3222114897652648	0.058785009348571796	0.020323783108631942	201.0
0.3222114897652648	0.05862378250499776	0.020419425372576374	202.0
0.32390275799737694	0.05845030044039829	0.0206085422064048	203.0
0.3258835771139208	0.05819220188572704	0.02071657445699311	204.0
0.3284775280645101	0.05789496996003636	0.020775874795531075	205.0
0.3310323023075649	0.057615522820950504	0.020794052809938846	206.0
0.33343359888445445	0.057330933545284506	0.020828708336216157	207.0
0.33587378011121855	0.057063102347004256	0.020854690666973798	208.0
0.33857362332606294	0.056790704584106615	0.02090477611701567	209.0
0.34172148956157106	0.056507138144952604	0.02095757268884749	210.0
0.34514415958958744	0.056507138144952604	0.02095757268884749	211.0
0.34514415958958744	0.05588001464041848	0.020854290994846026	212.0
0.3421282300742641	0.055225957121105965	0.02073414057594772	213.0
0.33914890313372353	0.05480924055555836	0.020702370083827117	214.0
0.3387334270975608	0.054392953574100934	0.020648276489513537	215.0
0.33378113136174015	0.053855851995365675	0.020479250026259666	216.0
0.3294304281936539	0.053420769137565764	0.02019754518453754	217.0
0.32388835032217	0.05299293147297311	0.019888817952919385	218.0
0.31827582945967225	0.052733151702703616	0.01955664205618408	219.0
0.3123728756246728	0.05248185202562851	0.01920397661685668	220.0
0.3067667862257693	0.05248185202562851	0.01920397661685668	221.0
0.3067667862257693	0.05221129366691619	0.018982616735004485	222.0
0.3022868334507521	0.051982330177207464	0.01874807648748147	223.0
0.2978516796327953	0.051774588898480876	0.018522422686393977	224.0
0.293204439793447	0.05132661516904011	0.018290815852095552	225.0
0.28775272282333986	0.05094117217180787	0.01808956239874553	226.0
0.2821030911706457	0.05056901643837356	0.01789218014823036	227.0
0.27710201915355626	0.05020954554451371	0.01770840346295967	228.0
0.2722090740645322	0.04985093901514265	0.017535656068294242	229.0
0.26745710399686334	0.04950883636632194	0.017377261508402186	230.0
0.26299559226525304	0.04950883636632194	0.017377261508402186	231.0
0.26299559226525304	0.04932381767094049	0.017343933490570528	232.0
0.25848387034512055	0.04894440556432558	0.01717022935449252	233.0
0.2573895500720321	0.04889541403114789	0.01704982055856246	234.0
0.2563743222438649	0.048729552973743206	0.016965145534341	235.0
0.2555775913987665	0.04837838684689582	0.01680863426287935	236.0
0.2509502725919176	0.048023234461180786	0.016659104912149315	237.0
0.24634959015235264	0.04766402963569938	0.016563269813950735	238.0
0.24381187137565494	0.047330006890948184	0.01646774051925432	239.0
0.243542385837733	0.04696708920203196	0.01636433497318301	240.0
0.24288735110421075	0.04696708920203196	0.01636433497318301	241.0
0.24288735110421075	0.04680174490243806	0.016405079203404657	242.0
0.24095088502583745	0.046830001472034664	0.01636655506814591	243.0
0.24082691791380584	0.04687586222756007	0.01644582675523702	244.0
0.240622089437555	0.04702829299327721	0.016503132573408675	245.0
0.24031801821045923	0.04704594229487992	0.01655828372482422	246.0
0.23983750273201068	0.046926232752068635	0.016647857536013583	247.0
0.24042705714631243	0.04661551803180852	0.01668747574253413	248.0
0.24086403038649792	0.04645599028609616	0.016713310201680084	249.0
0.24138182073006434	0.04634183448989726	0.016720822727584895	250.0
0.2417185717403856	0.04634183448989726	0.016720822727584895	251.0
0.2417185717403856	0.04636011462456779	0.016689152879294098	252.0
0.24151858605293924	0.046500585197030604	0.01668492643763592	253.0
0.24381788735697538	0.04648260961246965	0.01646646625486001	254.0
0.2417457029069254	0.0464535386457926	0.01636477693949976	255.0
0.23952819342967704	0.0462413136910219	0.016247496348351185	256.0
0.23719925738387165	0.04606542013302431	0.016140613303083712	257.0
0.23510872312627176	0.045900777863942026	0.016106739754434572	258.0
0.23287782463797002	0.045849846781834666	0.016123781260588013	259.0
0.23091998080012935	0.04583086915055161	0.01617216219917521	260.0
0.23039788055892135	0.04583086915055161	0.01617216219917521	261.0
0.23039788055892135	0.045787036126480475	0.016163880449417117	262.0
0.23084095724228096	0.04576624050805721	0.016097183464479203	263.0
0.23264575552066513	0.04597821269966368	0.01602552500139602	264.0
0.2343134682035129	0.04615601545193887	0.01594773053918085	265.0
0.23610138322516458	0.04602746702757727	0.015732138950587903	266.0
0.2363749427446196	0.04589701695150675	0.015558932271752854	267.0
0.2359291967535044	0.04582269045984188	0.015437724500176364	268.0
0.23623357705347625	0.04575822385792013	0.015325481961701764	269.0
0.2393065373910095	0.04573648831678268	0.015215454390524024	270.0
0.2421413293154876	0.04573648831678268	0.015215454390524024	271.0
0.2421413293154876	0.04544112317828841	0.015239787556143676	272.0
0.24248055150470604	0.04507267094618969	0.01527659214439683	273.0
0.2431146070120898	0.04480382653201744	0.015328015218001275	274.0
0.2445211045009508	0.04452742458929932	0.015298627967285277	275.0
0.24621526195329033	0.04424778423095683	0.01524896067103013	276.0
0.24784152982861896	0.0440989326669386	0.015150674150324546	277.0
0.24650724737059218	0.043947711450440886	0.015038260478048317	278.0
0.24476801234966034	0.04362747046219802	0.014909917860191874	279.0
0.24291115680145917	0.043365442296859784	0.014778069042912952	280.0
0.24163858501953023	0.043365442296859784	0.014778069042912952	281.0
0.24163858501953023	0.043119512798734286	0.014781468226331515	282.0
0.24146138961239594	0.04274004164053898	0.014655134482363587	283.0
0.23918873631629267	0.04228823622426359	0.014489371718063512	284.0
0.23561798622959568	0.04187268291502684	0.014250796409999848	285.0
0.23254555554825948	0.04139119838903309	0.0139937142132146	286.0
0.22897019974878655	0.04091552059591891	0.013770280526629307	287.0
0.225215697725296	0.04059441238731248	0.013495924710696543	288.0
0.22092441889990685	0.040286790370179903	0.013229288609271663	289.0
0.21702039660360223	0.040004014573673856	0.012965992938431708	290.0
0.21310671603416603	0.040004014573673856	0.012965992938431708	291.0
0.21310671603416603	0.03971865986999848	0.012833777817860983	292.0
0.21164475693895052	0.03943423435522813	0.012764636990822358	293.0
0.2101582510997741	0.039115345661878104	0.012745493438435543	294.0
0.20818232825206734	0.03884290578687475	0.01278831405398111	295.0
0.2063689893108151	0.03843675432720474	0.012685988446760792	296.0
0.20272913633465722	0.03802230000659809	0.012594604868875392	297.0
0.19889519873692316	0.037691541516655616	0.012528606753254977	298.0
0.19514240058984653	0.03738665792049956	0.012425509178583215	299.0
0.1916862626146333	0.03713331625356716	0.012315719387620272	300.0
0.18747487173075886	0.03713331625356716	0.012315719387620272	301.0
0.18747487173075886	0.03702581648928044	0.012178763673939918	302.0
0.18388572374730822	0.03686248879958647	0.012087689924917175	303.0
0.17972935278894886	0.036746526823123585	0.012042461681489283	304.0
0.17554696765304337	0.03676084632601043	0.011997486237135086	305.0
0.17210040998916115	0.036666861444694894	0.011891647417124356	306.0
0.16847639475294102	0.03652277869112234	0.011764677438137174	307.0
0.16539289545576774	0.03646106427166475	0.01162369550588044	308.0
0.1622928921107579	0.03646430081943377	0.011521387635684645	309.0
0.15909381150401353	0.03649221082292692	0.011420635475594028	310.0
0.1567439708404561	0.03649221082292692	0.011420635475594028	311.0
0.1567439708404561	0.03649271245988336	0.011281269591535503	312.0
0.15443157796282683	0.03637623970308601	0.011317415278871397	313.0
0.1514728599018242	0.036257626087190846	0.011321023115868972	314.0
0.1484490968529311	0.03618790275510317	0.01127239150598806	315.0
0.14556087582639865	0.03596396995796337	0.011211540796244404	316.0
0.144855414877919	0.03573381669691433	0.011140691217501804	317.0
0.14644535639519976	0.03549615691728651	0.011095107574566661	318.0
0.1494320736231724	0.03527559984933996	0.01104693583003811	319.0
0.15246293963832022	0.03508207098456691	0.011015904029932907	320.0
0.15582395616516204	0.03508207098456691	0.011015904029932907	321.0
0.15582395616516204	0.035172090253344786	0.010927090144843941	322.0
0.15684260498688654	0.03547472659147962	0.010810646191183914	323.0
0.15786595518337848	0.03544372580848721	0.01076605990312389	324.0
0.15679412492498293	0.03533828844492319	0.010758695035587282	325.0
0.15576982326149416	0.035201432092170026	0.010769881003159114	326.0
0.15647614688083905	0.035045395496578396	0.010745929691343664	327.0
0.15718547261221022	0.03486454758362752	0.010749771250214242	328.0
0.15800339598416632	0.03464639719066375	0.010788813852380837	329.0
0.1600831761771424	0.03438889957313165	0.010761227303582416	330.0
0.16316575526355204	0.03438889957313165	0.010761227303582416	331.0
0.16316575526355204	0.034409808315071407	0.010779564818467008	332.0
0.16328749548713384	0.0346792602701496	0.0108109310763101	333.0
0.1629253800184112	0.034684900236520204	0.010846219143508829	334.0
0.16523896535509164	0.03464332968357608	0.010887698138904769	335.0
0.16820521378098655	0.034549804939187564	0.010926378121258355	336.0
0.1703090101038405	0.03434981078134928	0.011008668424607996	337.0
0.17352293364123994	0.03426765033049479	0.011103180878911403	338.0
0.17665342465342163	0.03415639160581914	0.011141198606503068	339.0
0.17729766731918598	0.03406915130839942	0.011167651100274411	340.0
0.177741042392698	0.03406915130839942	0.011167651100274411	341.0
0.177741042392698	0.03394260376649765	0.011173942924664974	342.0
0.17763037906812593	0.03396517788461381	0.01109594590970681	343.0
0.17727816284354797	0.033727119373079394	0.011080452248550875	344.0
0.17700793915095567	0.033233417214403024	0.010986526707523708	345.0
0.1732808117622897	0.032706244601375556	0.01086046475865223	346.0
0.1699150328883898	0.0324462851899783	0.010699537207253485	347.0
0.16600862097485208	0.03222041794381588	0.0105512874408127	348.0
0.16218938345921508	0.032020975135811716	0.01042144496240126	349.0
0.15844105807420059	0.031860827361441704	0.01030462842954203	350.0
0.1547337122176083	0.031860827361441704	0.01030462842954203	351.0
0.1547337122176083	0.03170796219720732	0.010151895626799296	352.0
0.15193906631929857	0.031692027985671174	0.009996585933434656	353.0
0.1493300463160545	0.031680569002973724	0.009927968840220038	354.0
0.14661571400269383	0.03162643166214748	0.009832181034282319	355.0
0.1450440162421432	0.03159422745359408	0.009755749341593062	356.0
0.1433065662448507	0.03165729362139854	0.009674328734826204	357.0
0.14186805465305805	0.03156127204814204	0.0095758089422187	358.0
0.13905328856169227	0.0314825831131401	0.00949259264818498	359.0
0.1389787533461012	0.031389423806852196	0.009434242393852954	360.0
0.14014249788873073	0.031389423806852196	0.009434242393852954	361.0
0.14014249788873073	0.03132360978833147	0.009457191774612041	362.0
0.14075053433744764	0.03122553942134286	0.009391424315030178	363.0
0.13851648678502956	0.031074670289590267	0.009311832224129003	364.0
0.13803328933535414	0.03103667432019427	0.009262962019177699	365.0
0.1393392981109946	0.030987885202593463	0.009215117150474952	366.0
0.1416847650809945	0.03092190994271988	0.009160790424498206	367.0
0.14473119148369495	0.03084434520419999	0.00909954066636652	368.0
0.14777210811928718	0.030853970540481727	0.009068876290896552	369.0
0.15109988550669948	0.0308635655189874	0.009065494102160867	370.0
0.15448289368290888	0.0308635655189874	0.009065494102160867	371.0
0.15448289368290888	0.030916407850646845	0.008978864815094181	372.0
0.15603220612375315	0.031036274898289577	0.008893460309870403	373.0
0.15779300568716914	0.03105019988035243	0.008859184395818613	374.0
0.15861142938506056	0.030883297095258864	0.00876169724538629	375.0
0.15555263096967387	0.03077428138252477	0.008642942563258302	376.0
0.1527758568122245	0.03070691041744364	0.008576415530452209	377.0
0.15004175121511748	0.030723287021449094	0.008483972545595485	378.0
0.1479085767167655	0.030596813225527247	0.008378833829234138	379.0
0.14594570147915617	0.03046222620327099	0.00830140880875388	380.0
0.14414854280979847	0.03046222620327099	0.00830140880875388	381.0
0.14414854280979847	0.03029221779417465	0.008187908137540176	382.0
0.14094270771608464	0.030264759282335706	0.008124622166850613	383.0
0.1393503838330329	0.030325855333975874	0.008120022173260834	384.0
0.1374386385374187	0.030207317638056452	0.008070168112822731	385.0
0.13527192542133626	0.03009061790326275	0.007998997695000933	386.0
0.1314740678571147	0.029971815862183747	0.007948037612875788	387.0
0.12978030006372965	0.02987002937929891	0.007906364325994147	388.0
0.12909772260898167	0.029732557818717687	0.007906866799110604	389.0
0.12846531151699725	0.02962748614234337	0.007929521702595211	390.0
0.1285715118706666	0.02962748614234337	0.007929521702595211	391.0
0.1285715118706666	0.02950195850191608	0.007819443163694633	392.0
0.12499082859106536	0.029509903626077028	0.007727364628409793	393.0
0.12188815791068872	0.029533511006493807	0.007658346829008488	394.0
0.1188389415657105	0.029574617943523486	0.007607903960500882	395.0
0.11737504413769652	0.029572443005440176	0.007574216210488876	396.0
0.11784182244313814	0.029552190730874617	0.00751428322441408	397.0
0.11891717379842678	0.029535381421315624	0.0074628642377791736	398.0
0.12033475039020541	0.029543290608291483	0.007408682389564684	399.0
0.12230393938890552	0.029561007739584363	0.007354664417632627	400.0
0.12468417414595019	0.029561007739584363	0.007354664417632627	401.0
0.12468417414595019	0.02961190636468143	0.00741142004965559	402.0
0.12709596548536364	0.029596329862309027	0.007441574541098655	403.0
0.12441475399334331	0.029557124336959832	0.007356214530375478	404.0
0.12170360971230046	0.029511737160489326	0.00728384074470342	405.0
0.11922207456677218	0.029554752442269436	0.00725069078389295	406.0
0.11804317285052682	0.029614587799504044	0.0072170575614078376	407.0
0.11706496994497936	0.02970439891871504	0.007208958600516799	408.0
0.11690303211639164	0.029801299226633195	0.007226429411602841	409.0
0.11807631522927736	0.029627044718405493	0.007233476790008376	410.0
0.11687912579256238	0.029627044718405493	0.007233476790008376	411.0
0.11687912579256238	0.02949211073876423	0.0071840348364213755	412.0
0.1153358379833777	0.02938874707123	0.007072877110107285	413.0
0.11236303637619048	0.029224026998684854	0.007048113244572624	414.0
0.11052471924663261	0.029077162889930314	0.007027869599213135	415.0
0.10963075411967618	0.028936158361786236	0.007016047620650002	416.0
0.11098706554992846	0.028812227800752453	0.006959975592747259	417.0
0.11095209694276166	0.02865426498921915	0.006881202197843428	418.0
0.11094009984106719	0.028489335627478185	0.006813585236671673	419.0
0.11280966649304089	0.028348094143514076	0.006755662424445272	420.0
0.1148981886313493	0.028348094143514076	0.006755662424445272	421.0
0.1148981886313493	0.02823554550113932	0.006788528508860733	422.0
0.11491878098607052	0.028054396225605644	0.0067349965384468306	423.0
0.11107211556303603	0.02798852362103189	0.006756605211610835	424.0
0.11010237429549238	0.027802218657772302	0.006722735211532282	425.0
0.10995029402976209	0.02766939114261582	0.0066615736880624695	426.0
0.11016315980674629	0.02767590960186016	0.006592666546751894	427.0
0.11174772550216416	0.02765868647696992	0.006544957823444931	428.0
0.11343916643471373	0.027657230530801144	0.006519946420833006	429.0
0.11556062603402242	0.027656303348336485	0.006486463859782329	430.0
0.11781872535613251	0.027656303348336485	0.006486463859782329	431.0
0.11781872535613251	0.02759888497881813	0.006439275751470716	432.0
0.11424666842436931	0.027404025427024033	0.006353324855235417	433.0
0.11204378956090306	0.027231974712723088	0.006312880025190941	434.0
0.11159153790963176	0.027092115750213815	0.006279447726426103	435.0
0.11174695777550425	0.026932539020246817	0.006250132073041896	436.0
0.11229162061300756	0.026826102759164746	0.0062149777796991065	437.0
0.11297154906848593	0.026743301134768183	0.006189380217241923	438.0
0.11550612328655223	0.02664951506918343	0.006158850919553288	439.0
0.11777842432924983	0.026581706689160267	0.006132346107536885	440.0
0.11993516733513875	0.026581706689160267	0.006132346107536885	441.0
0.11993516733513875	0.026391555566561562	0.0061238761292277885	442.0
0.12087338809690844	0.026314524126982132	0.006055552514517421	443.0
0.12201669079646597	0.026165406040331164	0.0060357873417067835	444.0
0.1237270936271527	0.025855253086928882	0.006078755173213475	445.0
0.12439970631810643	0.02552641732160934	0.00610007327476484	446.0
0.12454783389479754	0.025179555293118876	0.006130067155782178	447.0
0.1249063030759763	0.024834636307750353	0.0061644571785681255	448.0
0.12521584197002528	0.024513577979189204	0.006191941286585949	449.0
0.12527019250796886	0.024205945184160756	0.00621268394094399	450.0
0.12516924873987212	0.024205945184160756	0.00621268394094399	451.0
0.12516924873987212	0.0239122721789869	0.006350474432320634	452.0
0.1246717268577492	0.023747399779379983	0.00641918284488626	453.0
0.12351643263305775	0.02361235852860713	0.006509694740075943	454.0
0.1221288636942585	0.02335841980399132	0.0065673042155358005	455.0
0.12096536087326654	0.023148173340341062	0.006628761744850013	456.0
0.12099630534106984	0.022964532941543665	0.006684569188740628	457.0
0.1211625741611928	0.022811970789160453	0.006626842313046761	458.0
0.1203353542352623	0.02264531273914976	0.006591044381106667	459.0
0.11982896561379905	0.022481294224288177	0.006564943116678798	460.0
0.11938912666034887	0.022481294224288177	0.006564943116678798	461.0
0.11938912666034887	0.022300040309201123	0.006502031704641453	462.0
0.11744789172229599	0.02204703806109632	0.0064324827239816106	463.0
0.11425916912123318	0.021924927431850667	0.006450896044567591	464.0
0.11434669183227451	0.021758368664337304	0.006465769432110958	465.0
0.11410174047908463	0.021695603412768487	0.006510005208210991	466.0
0.11360647844647022	0.021638699364091917	0.0065265016889345905	467.0
0.11309302119469794	0.02160531481074013	0.006499972588318217	468.0
0.11032349290626518	0.021522297607986993	0.006475714582308711	469.0
0.10783045492893505	0.021397555529789183	0.006414612784832522	470.0
0.10599932546043096	0.021397555529789183	0.006414612784832522	471.0
0.10599932546043096	0.02133628983091915	0.006337415818147818	472.0
0.10466276342042545	0.02119346903982458	0.006187457056956271	473.0
0.10132891856293652	0.021010461424906778	0.0060270578010291715	474.0
0.09891831431707812	0.020926972833527385	0.00594649727822142	475.0
0.0983117450179737	0.020877815035331728	0.005882264134158049	476.0
0.09757272633906808	0.0208366434982233	0.00581719990549222	477.0
0.09648749129952595	0.020829108908929698	0.005708321518301169	478.0
0.09651987953031851	0.0208181523845309	0.005611492263957926	479.0
0.09680204307022519	0.02082969024613549	0.005504089310065238	480.0
0.09872662735479332	0.02082969024613549	0.005504089310065238	481.0
0.09872662735479332	0.020990500094697877	0.0054735483171698684	482.0
0.10130336116432603	0.021043896041242897	0.005486719824106562	483.0
0.10015327185648851	0.02104866808904867	0.005468860113714932	484.0
0.09848879252363739	0.021043499289368925	0.0054625605196920255	485.0
0.09675581070415565	0.021105327137848257	0.0054784357039859895	486.0
0.09596085729405071	0.021181574716621725	0.005493476199408754	487.0
0.09592355663588284	0.021274604475531003	0.005510671290016781	488.0
0.09740819158171908	0.021385088580679865	0.005516232951882641	489.0
0.09950251050893806	0.021499689641109068	0.005504083937692741	490.0
0.10173455422876473	0.021499689641109068	0.005504083937692741	491.0
0.10173455422876473	0.021327019197078134	0.0055111537491345005	492.0
0.10295442456155562	0.02112909207431983	0.005488191551653318	493.0
0.10198422346905665	0.020960173440819727	0.005397756167170066	494.0
0.10218484018287209	0.02079396701224664	0.005325149199033525	495.0
0.10226863187038913	0.020713630752130507	0.005267910773384374	496.0
0.10217985592924894	0.020648765103595586	0.005210966772055381	497.0
0.10200310412840119	0.020602393832497533	0.005151072516775972	498.0
0.10178527651149506	0.020585664429758354	0.005097096836978224	499.0
0.10185366409084348	0.020599218047940113	0.005041719288210807	500.0
0.10175821386910532	0.020599218047940113	0.005041719288210807	501.0
0.10175821386910532	0.020573339391208256	0.005035486711182174	502.0
0.10156739680582982	0.02041999042352083	0.004972366614132349	503.0
0.10118582986492677	0.02034098085795828	0.004942444361591696	504.0
0.101711360497704	0.02015665500300984	0.004935120346509128	505.0
0.10315229002873427	0.01996227336031008	0.004930636219152009	506.0
0.10436091948207607	0.0196473250101493	0.004945635034140607	507.0
0.10461073022202083	0.01934014952718865	0.004958111109529143	508.0
0.1048108101478702	0.019046065587971037	0.004981901271492749	509.0
0.10537787679963122	0.018771909378641833	0.0050048535237809605	510.0
0.10639339254854883	0.018771909378641833	0.0050048535237809605	511.0
0.10639339254854883	0.018614794787988966	0.004946835934804721	512.0
0.10558188992835531	0.0182652448474655	0.004892150689760969	513.0
0.10358487463761201	0.018088907360867604	0.004808855461114923	514.0
0.10272139411987005	0.017925444069010206	0.004747329871564999	515.0
0.10180452498127286	0.01777880875089735	0.0047008636351750285	516.0
0.10134893964159439	0.01764202163254213	0.004664162719204986	517.0
0.10137609867345834	0.017519121757194518	0.004630649655592513	518.0
0.10126796596589288	0.017390030875130465	0.004617602661474207	519.0
0.10139888428462109	0.01729544504614633	0.004620018675790551	520.0
0.10153602455716862	0.01729544504614633	0.004620018675790551	521.0
0.10153602455716862	0.01725600198212347	0.004637283992871253	522.0
0.1004662504658503	0.017212088258407896	0.00461403655548727	523.0
0.09926255404195605	0.017094553229972984	0.004580783067824873	524.0
0.09792005323113823	0.016890311397549436	0.004525696007839598	525.0
0.09627867701980977	0.016747244750798848	0.004402078607456262	526.0
0.09326794900782921	0.016620426963294965	0.004300055077281461	527.0
0.09244688658681723	0.016500458575993908	0.00420847112879158	528.0
0.092189642279683	0.016375779179240168	0.004150523967982893	529.0
0.09196810142988968	0.016262475869554423	0.004086965696181165	530.0
0.09156364184365383	0.016262475869554423	0.004086965696181165	531.0
0.09156364184365383	0.01613538653705758	0.004040217383579066	532.0
0.0896007476510336	0.016037808316772963	0.00401085271375727	533.0
0.0872358540053136	0.015882258731844043	0.004009769716770254	534.0
0.08457310912162089	0.015777124466107226	0.004030432800921734	535.0
0.08205313052686143	0.015583997496212493	0.004017454225191874	536.0
0.07938168655962467	0.015433643026396928	0.003984682923037654	537.0
0.07691253713107307	0.015361601893434811	0.003980981299685789	538.0
0.07677478338919226	0.015310491988228182	0.003984210223387292	539.0
0.07689724186605902	0.015266048269386226	0.003990211796850248	540.0
0.0766202082146409	0.015266048269386226	0.003990211796850248	541.0
0.0766202082146409	0.015182612249481366	0.003997717368546513	542.0
0.07570184832370082	0.015200154839127065	0.003995571024423573	543.0
0.07397119833884543	0.015142123687091082	0.003951035600525258	544.0
0.07222261464481908	0.015058721541449513	0.003917619120635309	545.0
0.07089109436509124	0.0149018099634017	0.0038738225500033444	546.0
0.06967073895283755	0.014749162528858443	0.0038287033274069485	547.0
0.06976605071203938	0.01460435552492001	0.003799569424680874	548.0
0.07022578928301412	0.014475099127806857	0.0037795477184835074	549.0
0.07082365828641717	0.014384617482122653	0.0037895804678181053	550.0
0.07178112969472143	0.014384617482122653	0.0037895804678181053	551.0
0.07178112969472143	0.014343620195582685	0.00380603742037935	552.0
0.07142077136042627	0.014303942052861302	0.0038007420800609	553.0
0.07026500947527067	0.01428579294331916	0.0037665041127982425	554.0
0.06882017232902386	0.01411114227784278	0.003715560779529831	555.0
0.0657118500521207	0.013960887587550107	0.0036729975051704557	556.0
0.06265522181968176	0.013806050517975649	0.0036188407915356442	557.0
0.05966446807355967	0.01366804177835588	0.003559308722070542	558.0
0.058200718725858566	0.01354393005741051	0.003499954105933202	559.0
0.05827309926676985	0.013446032243785752	0.003437165069749977	560.0
0.058087334022775085	0.013446032243785752	0.003437165069749977	561.0
0.058087334022775085	0.013434509404561914	0.003418699558802365	562.0
0.05682756359256552	0.013384859696306574	0.0034410921046200043	563.0
0.05550982360570857	0.013380185959381985	0.003442083172943727	564.0
0.05464771724368419	0.013308377613503716	0.0034131880864464435	565.0
0.05505065581657244	0.013251742085395033	0.0034012418003376427	566.0
0.055605470938528016	0.01306077522441909	0.0033647664958871295	567.0
0.0551893944119845	0.012900574954633169	0.0033884337256244704	568.0
0.05487563346022616	0.012759897850184368	0.0034093471753392527	569.0
0.054466721566465336	0.012623988882451663	0.0034347084024912524	570.0
0.0540941375000182	0.012623988882451663	0.0034347084024912524	571.0
0.0540941375000182	0.01253641792932356	0.003405137666344009	572.0
0.05336761907194997	0.012491382191819063	0.0033474946834166305	573.0
0.05106820277447233	0.012496176399989626	0.003308486233569532	574.0
0.04954209703981081	0.012483651978069686	0.003273683535835275	575.0
0.0483991999324299	0.012450013554300659	0.0032567567721919245	576.0
0.04739292575295513	0.012443451233539802	0.003246377827876783	577.0
0.046373782025036496	0.012429121294987426	0.0032723902139050252	578.0
0.04605241123686233	0.012440696165108662	0.0033255104063954063	579.0
0.0467703283641039	0.012471189096014794	0.0033796720182058195	580.0
0.04832113093014828	0.012471189096014794	0.0033796720182058195	581.0
0.04832113093014828	0.012517787608783706	0.0033956171024503694	582.0
0.0501464862736499	0.012495496035466078	0.003390580686212335	583.0
0.04993240332233128	0.012493198637154031	0.0033850226109533367	584.0
0.04971626378114499	0.012465477851463529	0.00340098996891821	585.0
0.04889095144342835	0.012342156852784827	0.0034039986931209236	586.0
0.04711621773079055	0.012266990517289725	0.003383104677802744	587.0
0.04561003432814187	0.01222686258970559	0.0033480120007807713	588.0
0.044962977259686725	0.01220423466096143	0.0033139473531535223	589.0
0.04463774445915798	0.012186488438990895	0.003292123182829668	590.0
0.044364001386001835	0.012186488438990895	0.003292123182829668	591.0
0.044364001386001835	0.012151434758492534	0.0032441084683280386	592.0
0.04265865718709342	0.012140052688676557	0.0032093341325727933	593.0
0.04123396485800706	0.011959323074114722	0.0031517854669798604	594.0
0.0397674909865855	0.011785099163374396	0.00309591680035321	595.0
0.038438310940767134	0.01155055030198406	0.0030582868649210006	596.0
0.037642150846115364	0.011327210619028753	0.0030304179482569765	597.0
0.03744184787000113	0.011089783584562661	0.0029875127420598887	598.0
0.037537396520669175	0.010857453072169237	0.002946208084950569	599.0
0.037375481630557796	0.010652162617698725	0.0029046456245214484	600.0
0.037184958956740934	0.010652162617698725	0.0029046456245214484	601.0
0.037184958956740934	0.010612189871698237	0.0028327057735632196	602.0
0.035861364082603216	0.010535825021913183	0.002801334618374193	603.0
0.03446329748160318	0.010438752856973524	0.002784281555086138	604.0
0.03378593431499443	0.010414830948534563	0.002753282035640829	605.0
0.034502491398948995	0.010330518271276843	0.002753403475041621	606.0
0.03568351397481824	0.010262806480131696	0.0027641544362375973	607.0
0.03729284774369716	0.010183707444573026	0.002788069864980337	608.0
0.03879818076558596	0.010112992861694323	0.0028167941307115484	609.0
0.04041753757649941	0.010025175920666091	0.002851849680342672	610.0
0.042014128596153034	0.010025175920666091	0.002851849680342672	611.0
0.042014128596153034	0.010026593576792836	0.002842011967073015	612.0
0.04204149926953074	0.010007354643799935	0.002841298292033708	613.0
0.04210362828585356	0.010020641882911173	0.0027971080753050833	614.0
0.040909301058659725	0.009933587422201445	0.002728955838712755	615.0
0.039576866355295955	0.009873346265969524	0.002691055026658152	616.0
0.038163225731095825	0.009819526346594104	0.002679892765485808	617.0
0.036676816190084796	0.009776786346593423	0.0026854380434401305	618.0
0.03525838232077139	0.009730456611765042	0.0026832937135316173	619.0
0.03496638190257914	0.009718199775720873	0.0026870507293567224	620.0
0.03570768662404617	0.009718199775720873	0.0026870507293567224	621.0
0.03570768662404617	0.009711505800336789	0.0026943648713643057	622.0
0.03403645702184659	0.009697753651105282	0.002709167916077927	623.0
0.033080125466598824	0.009725165974413327	0.002731087300819423	624.0
0.03251311854909564	0.009719095216896702	0.0027616927122551156	625.0
0.03201103072139222	0.009725652508538346	0.0028007602948868387	626.0
0.03173563103816174	0.009754088019859946	0.0028293961172597866	627.0
0.0317179659492358	0.009776281460897044	0.0028235951411235403	628.0
0.03284238873342861	0.009818751401322842	0.002824707631179057	629.0
0.034207417045316706	0.009868521924431677	0.002827080526884209	630.0
0.035827372408083875	0.009868521924431677	0.002827080526884209	631.0
0.035827372408083875	0.009917924330730757	0.0027854656522607667	632.0
0.0354397997569359	0.009890776473958567	0.0027448524206283667	633.0
0.03508492692258079	0.009757070280486321	0.0027065677353684016	634.0
0.034107342019679195	0.009697006745812668	0.0026772731603716144	635.0
0.033062570124077977	0.009657435395116421	0.0026255318636755134	636.0
0.032675415278709735	0.009639083025145302	0.0025764399574191446	637.0
0.033048176611398354	0.0096311172717026	0.002535198649793036	638.0
0.0344516304708083	0.009642794471797344	0.002498855788631543	639.0
0.03589282375870356	0.009647232946266944	0.0024650310200074266	640.0
0.037343671281097855	0.009647232946266944	0.0024650310200074266	641.0
0.037343671281097855	0.009645692999824193	0.002440525375764642	642.0
0.03872309786153455	0.009707529548411855	0.002388107340555927	643.0
0.036532772102696946	0.009728827660094736	0.0023453122935297903	644.0
0.03485535987561782	0.009764364303726437	0.0023055721785132564	645.0
0.03323523021547625	0.009812029628040364	0.002265957602492178	646.0
0.03157008406952558	0.009844690073190993	0.002243336496362449	647.0
0.02998328675130006	0.009888532897344152	0.0022280316166261986	648.0
0.030383898584703122	0.009958279705976944	0.0022118383251870746	649.0
0.031687352240093225	0.010029727096591768	0.002195843154616184	650.0
0.03281212628931095	0.010029727096591768	0.002195843154616184	651.0
0.03281212628931095	0.009985665039633987	0.002173965959668081	652.0
0.03211266196270844	0.009979617748483181	0.002192492585049963	653.0
0.03163431551442804	0.00987540265093864	0.0021962422254873408	654.0
0.032094992921300414	0.009802020043954487	0.0022114513640984893	655.0
0.03278193578592866	0.00973931122244741	0.0022423442592323776	656.0
0.03385440802816934	0.009672166120055854	0.002250612764574791	657.0
0.035222893235986305	0.009601109709636648	0.002275627652348129	658.0
0.036694238803815865	0.009534232083853483	0.002312838610091881	659.0
0.03818603723309305	0.009475369099539244	0.0023526463461446857	660.0
0.03971462746405878	0.009475369099539244	0.0023526463461446857	661.0
0.03971462746405878	0.00945044111722525	0.00235888796775228	662.0
0.03996691902028906	0.009364624292281626	0.0023662122166710165	663.0
0.04002369439592249	0.009232642629363104	0.0023351985273139587	664.0
0.03838215771978098	0.009116761504551154	0.002338343632004177	665.0
0.036155795291706434	0.008979849930988866	0.002332941599844329	666.0
0.034754570522660205	0.008878982227884644	0.0023251023665634652	667.0
0.03442431611279837	0.008805000633049159	0.002336614405080402	668.0
0.03404613168688362	0.008746356214579355	0.0023579782818118353	669.0
0.033677392806734506	0.008695070917195707	0.0023846743345585708	670.0
0.03339783119389667	0.008695070917195707	0.0023846743345585708	671.0
0.03339783119389667	0.00861527205271411	0.002364053652764882	672.0
0.03161800563571518	0.008623035656988886	0.002323716490092785	673.0
0.030150693078336854	0.008630385484549495	0.002298756501440137	674.0
0.029768020278754328	0.008636673948491994	0.0022432778685785868	675.0
0.030418396370324098	0.008663214810370138	0.002184057024953452	676.0
0.031178625216200857	0.008631906317406077	0.0021449778979101795	677.0
0.03135376370530684	0.008561787222007788	0.002112575232934034	678.0
0.031754574486137756	0.00849880803965724	0.002093078391784607	679.0
0.03261184443255724	0.00844248360134237	0.002086592195485384	680.0
0.03382985321533489	0.00844248360134237	0.002086592195485384	681.0
0.03382985321533489	0.008438096113214784	0.002065001406174202	682.0
0.03375364045582631	0.008422888593825005	0.002063062770731605	683.0
0.03378186960712375	0.008279386850635876	0.002049139023179273	684.0
0.033338932597958004	0.008222736637781242	0.0020503360895914066	685.0
0.03338054992306801	0.008119329332914793	0.002076458600391641	686.0
0.0324883784860209	0.008037123585304558	0.0020825225674152813	687.0
0.031924956246508866	0.00796823414591449	0.002096651032756691	688.0
0.03254469250634206	0.007880357540830094	0.002153555674363653	689.0
0.03340761618548904	0.007797355219188781	0.002219655230082505	690.0
0.03429585180372108	0.007797355219188781	0.002219655230082505	691.0
0.03429585180372108	0.007849775784749139	0.0022576552273190055	692.0
0.0344995604084694	0.007810131611624256	0.0022487060363803784	693.0
0.03481682010446341	0.007682141141822072	0.002250750044739337	694.0
0.03321139954830223	0.007524849161186844	0.0022579157693436522	695.0
0.03166268919021298	0.007379924955877807	0.002278885434409121	696.0
0.03045808350273711	0.007245693055285835	0.002305482212706369	697.0
0.03051837898230215	0.007124651592191495	0.0023479467069532026	698.0
0.0311960505970334	0.007023677061195812	0.0023948626872849735	699.0
0.03187270696155368	0.006931230560748227	0.0024387418424382415	700.0
0.032752788725258296	0.006931230560748227	0.0024387418424382415	701.0
0.032752788725258296	0.00692903167755219	0.002498398374299011	702.0
0.033005741045399696	0.006902144362822062	0.002453630457103458	703.0
0.03218267016271879	0.0068401284761196125	0.0024019113371095144	704.0
0.0316469581584105	0.006825275983602346	0.0023836580581551576	705.0
0.031220011096514504	0.006772015944380544	0.002364194429115825	706.0
0.030716106995146247	0.006691720284369873	0.002365274474862266	707.0
0.03058396226438046	0.006609440854034639	0.002379193203103959	708.0
0.030501427345461844	0.006543469632822842	0.002397423025074853	709.0
0.030624254744427294	0.006480748991703919	0.002421068005159668	710.0
0.031213712864498894	0.006480748991703919	0.002421068005159668	711.0
0.031213712864498894	0.006548452327186491	0.0024065323201839213	712.0
0.030655107219174756	0.006541438673686737	0.002437425074115704	713.0
0.029286363042620944	0.006478301262594826	0.0024915394895251987	714.0
0.02894076969530385	0.00644816457169247	0.002545328055070169	715.0
0.028559421982871952	0.006422411537823308	0.0025903101832338263	716.0
0.02824950700881145	0.0064328258578415145	0.002597997462870804	717.0
0.028546076886029868	0.00644225329565674	0.002614306411076337	718.0
0.02906417282624287	0.0064319198472717505	0.002612346821469418	719.0
0.030645303049893734	0.0064311960707241185	0.002618055025228005	720.0
0.03239378421833639	0.0064311960707241185	0.002618055025228005	721.0
0.03239378421833639	0.006394337468517166	0.0026131897751534476	722.0
0.03227809028586013	0.0063981930214945595	0.0025550184511519726	723.0
0.030814937655765214	0.006416660804656525	0.0025012537397092	724.0
0.02977279676942959	0.0064906759218484765	0.002466625896370056	725.0
0.029009311333126953	0.006609049563918577	0.002446667056640469	726.0
0.02878614380533807	0.006729921937214534	0.0024236807099737505	727.0
0.028422534817081537	0.006870024909420656	0.002407392692157456	728.0
0.028121411818465083	0.006983461987272835	0.0023695450198956292	729.0
0.02832294732021828	0.007094890905749459	0.0023432534034060867	730.0
0.028850510858336866	0.007094890905749459	0.0023432534034060867	731.0
0.028850510858336866	0.007087548271613241	0.0023444299163877347	732.0
0.029384003352837387	0.007199534546233387	0.002303795630633233	733.0
0.030347288673166686	0.007164492198422532	0.002275921545019303	734.0
0.029776294139013715	0.0070926158108892395	0.002265768918421085	735.0
0.029218154143156948	0.007020678635372145	0.0022595599281695733	736.0
0.028599334793105117	0.006949224509663424	0.0022729818860609376	737.0
0.028040746390086253	0.006874203556171485	0.0023006209453595118	738.0
0.0281455476651102	0.00680274109823807	0.002333052502691066	739.0
0.028601555033501803	0.006734725190222186	0.002374123323587448	740.0
0.02995865268390102	0.006734725190222186	0.002374123323587448	741.0
0.02995865268390102	0.006800056226099716	0.0024105016402164144	742.0
0.02968324030855807	0.006757401819577873	0.002403697943551739	743.0
0.03093412818563562	0.006763357483263803	0.0024211287211022624	744.0
0.03239814790391403	0.0067102559408790145	0.002417991902027704	745.0
0.032354326474379275	0.0066605912813863044	0.0024288931750694217	746.0
0.032263722135508106	0.006626482405699176	0.0024490896846020996	747.0
0.0324584185762044	0.006601198422540342	0.0024740095878997156	748.0
0.03267962592432237	0.006603993652574611	0.0025082684922203688	749.0
0.0329616853042284	0.006625712625283078	0.002559287157397287	750.0
0.03331708834935121	0.006625712625283078	0.002559287157397287	751.0
0.03331708834935121	0.006542802382006366	0.002607871805552677	752.0
0.032925061095225076	0.006523752979347754	0.0025773293161158906	753.0
0.03261404259740344	0.006490916079585264	0.002495688887581292	754.0
0.031219492092299503	0.00644396172442667	0.0024185377915786864	755.0
0.03005446522865354	0.006407051042500327	0.002362385815996107	756.0
0.028863285418049524	0.006387371384095313	0.0023120179351998156	757.0
0.02807148199117163	0.006380714096061738	0.002275437343221391	758.0
0.027435269282878396	0.006387664624442089	0.0022469688452473745	759.0
0.02739448817028512	0.0064027472397152835	0.002228306218499444	760.0
0.028693869837116835	0.0064027472397152835	0.002228306218499444	761.0
0.028693869837116835	0.006487250201480171	0.002261278649744962	762.0
0.02830937191277867	0.006577626716650536	0.0022783910641871706	763.0
0.028014867775845168	0.006661286354498552	0.0022870333670512604	764.0
0.02807519508161334	0.00677213424682497	0.002324296289328338	765.0
0.028305426228059486	0.006878778838032119	0.002349396884432117	766.0
0.028403272709717955	0.0068936763035121855	0.0023780896463593926	767.0
0.029073284237252993	0.0069065667028193785	0.002407022303627923	768.0
0.030447996711535693	0.006902446722920629	0.002452116746721877	769.0
0.031850217988004616	0.006917548132990088	0.0025090241498658696	770.0
0.033428355402958895	0.006917548132990088	0.0025090241498658696	771.0
0.033428355402958895	0.006953433500885721	0.0024843079123208498	772.0
0.034046964158965666	0.006927765914761919	0.002503543496676287	773.0
0.03515297839620613	0.00685235663986837	0.002530613241171213	774.0
0.03636619844520224	0.006717873122167366	0.002502133566836809	775.0
0.03599024679987563	0.006593008431289826	0.0024715883781326136	776.0
0.03553851161129328	0.006474999549183831	0.002456969376198564	777.0
0.03518395937009658	0.006371290896296151	0.0024459955029741357	778.0
0.03520680912516889	0.006274613412814213	0.002437557639091648	779.0
0.03560252940941573	0.006187380633392103	0.002436791452039786	780.0
0.03589047876184222	0.006187380633392103	0.002436791452039786	781.0
0.03589047876184222	0.006152551529178918	0.0024679001900953816	782.0
0.03616978586905183	0.006009713080526545	0.002443657450520009	783.0
0.034540509088075474	0.005858569508228343	0.0024567725860282206	784.0
0.03283078390576016	0.0057494769772794335	0.002409535782392154	785.0
0.031118526499136948	0.005640929325580057	0.002405271538127996	786.0
0.029692201946443175	0.005507038299082814	0.0024025215632978657	787.0
0.0289225573283362	0.005385544925061565	0.002418154098977334	788.0
0.028676451220377146	0.005274554390242519	0.0024236529414476517	789.0
0.028015609666676777	0.005190125967395807	0.0024355829283999432	790.0
0.02732131216905923	0.005190125967395807	0.0024355829283999432	791.0
0.02732131216905923	0.0051250721376882215	0.0024198416570689924	792.0
0.026866786357353754	0.00516923514353273	0.002363090246949961	793.0
0.02600599736696369	0.005207723136037608	0.0022968292280685205	794.0
0.025463853685016843	0.005248144335327072	0.0022258292755396943	795.0
0.02530988858688348	0.005286821353330457	0.0021876620077199	796.0
0.02570002800725305	0.0052867613155179885	0.0021846950705749443	797.0
0.026211918141943766	0.00529373851276267	0.0021819047011603816	798.0
0.026765662948616306	0.005301968955334853	0.002172801880534087	799.0
0.028004693839686075	0.005327152300565215	0.002179487490875619	800.0
0.02934077104433258	0.005327152300565215	0.002179487490875619	801.0
0.02934077104433258	0.005410066250968979	0.0021396032136326197	802.0
0.030329438649235065	0.005510659274092979	0.0021172287891145533	803.0
0.03031617615784387	0.0055625227307494664	0.00207998921149222	804.0
0.028813109495662525	0.005621764790220851	0.0020610590069837977	805.0
0.027823625620170805	0.005682674289177535	0.0020466328736857484	806.0
0.02733930896602742	0.005743430703830201	0.002049106699105166	807.0
0.02745343688063702	0.005821811523853444	0.002051201611298228	808.0
0.02766301054518559	0.005866093684742228	0.0020494699823275673	809.0
0.028687443476922852	0.005921633133380793	0.0020580039037737374	810.0
0.029775786679846414	0.005921633133380793	0.0020580039037737374	811.0
0.029775786679846414	0.005883019062392816	0.0020298687735925956	812.0
0.029263069940581084	0.005929356436833318	0.0019818475947483843	813.0
0.02792295884734573	0.0059238029045544545	0.0019279969076768093	814.0
0.027149303835262838	0.005864550803401776	0.0018683165668547993	815.0
0.026221303914262053	0.005817249717645255	0.0018101877011543835	816.0
0.025132020061142978	0.0058088693751639905	0.0017742681425642268	817.0
0.02533684245390034	0.005816610310592467	0.0017396024249944646	818.0
0.025754597522307715	0.005828779182657896	0.0017081392333108444	819.0
0.02604639335844176	0.005820398962296054	0.0016727436775255615	820.0
0.02626968664246172	0.005820398962296054	0.0016727436775255615	821.0
0.02626968664246172	0.0058524858262207985	0.0016483477075755933	822.0
0.025463455161413413	0.005813429125973918	0.0016218759385525797	823.0
0.024357924947395033	0.005751007116115012	0.0016102397882482818	824.0
0.024056516477032847	0.005641587006403971	0.001605729590464616	825.0
0.024887291727885483	0.005554816298023154	0.0016092871511737457	826.0
0.025878653953660995	0.0054718845194266195	0.0016193901250626862	827.0
0.02688734699977208	0.005399569872255131	0.0016416727851367096	828.0
0.02794462131494607	0.005347859661128694	0.0016738130743164867	829.0
0.02905377560812363	0.005307680106983838	0.001689143065420442	830.0
0.030495280123686377	0.005307680106983838	0.001689143065420442	831.0
0.030495280123686377	0.005313130421030125	0.001675196935680071	832.0
0.03043187218817722	0.005258717180000043	0.0016828780602012095	833.0
0.030501587705420094	0.005216045857321179	0.0017070467043248207	834.0
0.030625477733160763	0.005193557360985676	0.0016902577960084492	835.0
0.029559683116778934	0.005208026152054606	0.001696122253815308	836.0
0.028940571930265384	0.005147200579886508	0.00170193867260161	837.0
0.027952250258807328	0.005106057176450624	0.001711544087929251	838.0
0.027375487369185332	0.005013208623407759	0.0017169321249281186	839.0
0.026724188434441517	0.004933151079541004	0.0017260160661845816	840.0
0.026395303082554347	0.004933151079541004	0.0017260160661845816	841.0
0.026395303082554347	0.004859021351367282	0.0017156442906942388	842.0
0.02625187013157962	0.004853015717270282	0.0016580593528508977	843.0
0.02535728141229992	0.004800617795052703	0.0016311001718194412	844.0
0.024223427667626005	0.004758416089417195	0.0016048024301394154	845.0
0.023367734791364832	0.004769383817037253	0.0015914319096712371	846.0
0.022666603196229946	0.00479220826173469	0.0015786703537248195	847.0
0.022455130119334706	0.004829362881497054	0.001576273961312572	848.0
0.022550594846548817	0.004872684675969882	0.0015801644337503518	849.0
0.022820964059024427	0.004931183225449569	0.0015947055468418132	850.0
0.023093565610561563	0.004931183225449569	0.0015947055468418132	851.0
0.023093565610561563	0.004859720722276197	0.001553083414360004	852.0
0.022293398500399873	0.004700732442013996	0.001516189337576564	853.0
0.021258180604110184	0.004579910229872088	0.0015136480291084364	854.0
0.0209474319217025	0.0044615261691785	0.001519366728089155	855.0
0.02067071570290991	0.0043614513708431285	0.0015224903141131732	856.0
0.020527263647782918	0.0042735880720766424	0.0015333586033005418	857.0
0.020835070555817965	0.004194112204871065	0.0015514616927016992	858.0
0.02126079581654245	0.004133083268256041	0.0015612941200858225	859.0
0.021752085068088105	0.004085437738233823	0.0015596345314170862	860.0
0.022347773679224754	0.004085437738233823	0.0015596345314170862	861.0
0.022347773679224754	0.004077367115688359	0.00153550397940945	862.0
0.022680336100217545	0.00413942555948659	0.0014972137817594391	863.0
0.023257753972926135	0.004157102055942694	0.001476429547676043	864.0
0.023379427671537955	0.004095160361455967	0.001443521931529063	865.0
0.022150157822944543	0.004055976217831657	0.0014079316625154102	866.0
0.020874793351394853	0.004026797065388955	0.001388511946648883	867.0
0.020221483163935697	0.004000170206465211	0.0013838211575665498	868.0
0.02034314535913065	0.003988265540486852	0.001367298582586256	869.0
0.02062795322091905	0.003985595379436629	0.001358570629056454	870.0
0.02102059658436868	0.003985595379436629	0.001358570629056454	871.0
0.02102059658436868	0.003943110676234279	0.0012786986485083466	872.0
0.019730363829261906	0.003869012204011456	0.001209133972701744	873.0
0.01847244945761374	0.0038153558532912682	0.0011473759269491418	874.0
0.017472832513200816	0.0037467626032850363	0.001074350217023115	875.0
0.01674221114768495	0.003695906237389695	0.0010087319954941109	876.0
0.016247120668174173	0.0036604525908890784	9,55E-04	877.0
0.01573600262427599	0.003638546393101829	9,55E-04	878.0
0.01527983719534002	0.0036128813271404147	9,55E-04	879.0
0.015013215951842261	0.003596097384332744	9,55E-04	880.0
0.015136867238277575	0.003596097384332744	9,55E-04	881.0
0.015136867238277575	0.003619578712346209	9,55E-04	882.0
0.014252569556441946	0.0036285317138523175	9,55E-04	883.0
0.014148370541404953	0.0036725754571978724	9,55E-04	884.0
0.01454250643979199	0.0037333572024732817	9,55E-04	885.0
0.015156483968225764	0.0038107867721097373	9,55E-04	886.0
0.016380074565199236	0.003911594579529988	9,55E-04	887.0
0.017615951308616443	0.004023996717658061	9,55E-04	888.0
0.018883858430958377	0.004135342894199587	9,55E-04	889.0
0.02024575586323328	0.0042645522622022656	9,55E-04	890.0
0.021598806134643458	0.0042645522622022656	9,55E-04	891.0
0.021598806134643458	0.004302523187409493	9,55E-04	892.0
0.022389818693286274	0.004273754475430565	9,55E-04	893.0
0.022335063099855675	0.004302627924034003	9,55E-04	894.0
0.022626104419607926	0.00431796053617011	9,55E-04	895.0
0.021840154601668594	0.004324167863536268	9,55E-04	896.0
0.021554060935870426	0.004348605647062058	9,55E-04	897.0
0.022171862565709213	0.004376345326890852	9,55E-04	898.0
0.02275707540726272	0.004414873390938341	9,55E-04	899.0
0.023347898048646076	0.004465268163198418	9,55E-04	900.0
0.023875009760944876	0.004465268163198418	9,55E-04	901.0
0.023875009760944876	0.00448532259778939	9,55E-04	902.0
0.02328690998115319	0.004491560883248894	9,55E-04	903.0
0.022935377189774928	0.004596452879776872	9,55E-04	904.0
0.0227918894418047	0.004695164342412955	9,55E-04	905.0
0.02272539038862248	0.004737122415678566	9,55E-04	906.0
0.022716720740154645	0.004801660515168777	9,55E-04	907.0
0.022913368084297146	0.004871209215599147	9,55E-04	908.0
0.023669496839197845	0.004961553988020279	9,55E-04	909.0
0.024381138145622573	0.005069222529887916	9,55E-04	910.0
0.025112780067317424	0.005069222529887916	9,55E-04	911.0
0.025112780067317424	0.00513410747041234	9,55E-04	912.0
0.02619869432380018	0.0052290774583066855	9,55E-04	913.0
0.02647073951113652	0.0053989008553135135	9,55E-04	914.0
0.02807088591235308	0.00548789584496127	9,55E-04	915.0
0.02850071443761937	0.0055759571471059	9,55E-04	916.0
0.029310452674642516	0.0056728417664838405	9,55E-04	917.0
0.02985524888199274	0.005728173637244477	9,55E-04	918.0
0.030359353867609518	0.005707265839257807	9,55E-04	919.0
0.0307718822629317	0.005687714038865615	9,55E-04	920.0
0.031115588745380285	0.005687714038865615	9,55E-04	921.0
0.031115588745380285	0.005766111691529424	9,55E-04	922.0
0.0305479025926556	0.00575555874599039	9,55E-04	923.0
0.03037513048316693	0.005746160971027475	9,55E-04	924.0
0.030263766498500422	0.005729537272015902	9,55E-04	925.0
0.030270501154081614	0.005720174410802376	9,55E-04	926.0
0.030275155433861865	0.005674760382577668	9,55E-04	927.0
0.030206410415996907	0.0056204905605843035	9,55E-04	928.0
0.029509081137400982	0.005581330349739229	9,55E-04	929.0
0.028919836803047296	0.005534452086516971	9,55E-04	930.0
0.028251524981374506	0.005534452086516971	9,55E-04	931.0
0.028251524981374506	0.005565322755538382	9,55E-04	932.0
0.02778199835752036	0.005596277978081387	9,55E-04	933.0
0.0273346118060363	0.0056230942990837625	9,55E-04	934.0
0.026774677972094152	0.005602420312039762	9,55E-04	935.0
0.02746455489451427	0.00559327759083431	9,55E-04	936.0
0.028431194351343596	0.0056052923539328045	9,55E-04	937.0
0.029461146959513157	0.005531788922775756	9,55E-04	938.0
0.029068842135741887	0.005458172762564209	9,55E-04	939.0
0.0289486748561182	0.0054072867963305005	9,55E-04	940.0
0.02895611403461305	0.0054072867963305005	9,55E-04	941.0
0.02895611403461305	0.005384582616755019	9,55E-04	942.0
0.0287803662368834	0.005290529103960098	9,55E-04	943.0
0.028460027223066238	0.005180058884359923	9,55E-04	944.0
0.02705501935763284	0.005059884133796657	9,55E-04	945.0
0.02550735903087711	0.004945318648045717	9,55E-04	946.0
0.024467861950463025	0.0048176176019171174	9,55E-04	947.0
0.023580166453155495	0.004701275202770708	9,55E-04	948.0
0.02308566435860823	0.00457998355863141	9,55E-04	949.0
0.022761371920956414	0.0044701630032731865	9,55E-04	950.0
0.022824535053205527	0.0044701630032731865	9,55E-04	951.0
0.022824535053205527	0.004387565824179923	9,55E-04	952.0
0.022901074610787397	0.004335501332175486	9,55E-04	953.0
0.022576214864055803	0.004232191504958405	9,55E-04	954.0
0.02116700168532973	0.004078120330792617	9,55E-04	955.0
0.020574238891563613	0.003980447543880824	9,55E-04	956.0
0.019973067954290564	0.003897295800488826	9,55E-04	957.0
0.020540203596776174	0.00382653144611193	9,55E-04	958.0
0.021392424037204816	0.0037651542335641773	9,55E-04	959.0
0.02231874973004976	0.0037142730330205873	9,55E-04	960.0
0.023267877762705485	0.0037142730330205873	9,55E-04	961.0
0.023267877762705485	0.0037023217119284395	9,55E-04	962.0
0.023236534102727763	0.0037436593198848867	9,55E-04	963.0
0.0224836058211457	0.0037712951494374373	9,55E-04	964.0
0.02185397067450365	0.0037944866234332574	9,55E-04	965.0
0.021377837026720144	0.0038382452173153147	9,55E-04	966.0
0.020987541728016895	0.0038405600550084286	9,55E-04	967.0
0.02035130433509099	0.0038509435641852583	9,55E-04	968.0
0.020838439748288806	0.003866864716877183	9,55E-04	969.0
0.02135078580226433	0.0038853124022890243	9,55E-04	970.0
0.021824596577777338	0.0038853124022890243	9,55E-04	971.0
0.021824596577777338	0.003876875812450169	9,55E-04	972.0
0.021165590487821333	0.003920787793884931	9,55E-04	973.0
0.021024171268151245	0.003903504428842003	9,55E-04	974.0
0.02126721743914309	0.003854789120741201	9,55E-04	975.0
0.021503840253490624	0.0037853308274124657	9,55E-04	976.0
0.021858995236628737	0.0037283790027115822	9,55E-04	977.0
0.02262971897621329	0.0036747474732168385	9,55E-04	978.0
0.024021924222683372	0.003627011929135507	9,55E-04	979.0
0.025448711784698208	0.003582986249484569	9,55E-04	980.0
0.026909800443088723	0.003582986249484569	9,55E-04	981.0
0.026909800443088723	0.0036000431497497844	9,55E-04	982.0
0.02838903769566897	0.0036373987496518346	9,55E-04	983.0
0.02845995937608373	0.003700474050506462	9,55E-04	984.0
0.028556484349894412	0.0037395138595968766	9,55E-04	985.0
0.028637263251717428	0.0038023229872026208	9,55E-04	986.0
0.028850143019847473	0.0038807720961652856	9,55E-04	987.0
0.0297473496698394	0.003969043565598978	9,55E-04	988.0
0.03129294237070895	0.004065807443757008	9,55E-04	989.0
0.033025296713237055	0.004116037053314734	9,55E-04	990.0
0.033205784476947636	0.004116037053314734	9,55E-04	991.0
0.033205784476947636	0.004140138835035684	9,55E-04	992.0
0.03206803576902052	0.0041471186414585885	9,55E-04	993.0
0.030462694413617875	0.004135828378808007	9,55E-04	994.0
0.02955920445607589	0.00406135959159511	9,55E-04	995.0
0.02794798560610787	0.004000933219537487	9,55E-04	996.0
0.0263487758891025	0.003953997614618747	9,55E-04	997.0
0.024807375280143526	0.003907232025264694	9,55E-04	998.0
0.02328385039754311	0.0038909448337171347	9,55E-04	999.0
0.021969268219318133	0.0038799513835388083	9,55E-04	1000.0
0.02134394641048061	0.0038799513835388083	9,55E-04	1001.0
0.02134394641048061	0.0038357749214702223	9,55E-04	1002.0
0.019941656735491337	0.0037435028840295216	9,55E-04	1003.0
0.01954714456725184	0.003691212540589545	9,55E-04	1004.0
0.020292543980853336	0.003573408841891545	9,55E-04	1005.0
0.021041467013426598	0.0034937190938249627	9,55E-04	1006.0
0.02190125815176649	0.0034158393814322594	9,55E-04	1007.0
0.022658332285434894	0.0033498863648728267	9,55E-04	1008.0
0.02332506989489659	0.0032708063570317278	9,55E-04	1009.0
0.023962503672741574	0.003196973530548534	9,55E-04	1010.0
0.023927999955051068	0.003196973530548534	9,55E-04	1011.0
0.023927999955051068	0.00319312394663583	9,55E-04	1012.0
0.023731070882253017	0.003191707377809881	9,55E-04	1013.0
0.024111780138212104	0.00323741359584172	9,55E-04	1014.0
0.024175066429406988	0.0032775583770997935	9,55E-04	1015.0
0.024342844022155124	0.0033064861242982466	9,55E-04	1016.0
0.024108175592141675	0.0033323951716278154	9,55E-04	1017.0
0.02388153325662973	0.003363533010924799	9,55E-04	1018.0
0.0236156017789134	0.003406332180170513	9,55E-04	1019.0
0.02332636071162782	0.003462977211638386	9,55E-04	1020.0
0.023049637690868006	0.003462977211638386	9,55E-04	1021.0
0.023049637690868006	0.0034646879525802197	9,55E-04	1022.0
0.022842922091141978	0.0035114923014576186	9,55E-04	1023.0
0.02299272061051814	0.0035400737705449884	9,55E-04	1024.0
0.02317180315559797	0.003527607606501142	9,55E-04	1025.0
0.023246429790522462	0.003515530150952136	9,55E-04	1026.0
0.023246429790522462	0.0034702607551520288	9,55E-04	1027.0
0.02217347100999252	0.0034204997134331967	9,55E-04	1028.0
0.022065213681988438	0.0033833966481672086	9,55E-04	1029.0
0.02198546263380654	0.003350626952421562	9,55E-04	1030.0
0.021939859908119114	0.003350626952421562	9,55E-04	1031.0
0.021939859908119114	0.00331688520020083	9,55E-04	1032.0
0.021480346516723123	0.0032967241916378727	9,55E-04	1033.0
0.020164980261137375	0.0032611699242124873	9,55E-04	1034.0
0.01872797324062363	0.003182606753309438	9,55E-04	1035.0
0.01763180886144847	0.0031094496621944887	9,55E-04	1036.0
0.016779108604017722	0.0030390279195262973	9,55E-04	1037.0
0.015948987470713247	0.00297788619625748	9,55E-04	1038.0
0.01588334454163593	0.0029345500134538953	9,55E-04	1039.0
0.015847256129817244	0.002904731094075562	9,55E-04	1040.0
0.015952755438248336	0.002904731094075562	9,55E-04	1041.0
0.015952755438248336	0.0028511708037476666	9,55E-04	1042.0
0.015365462465211985	0.0027929859504797834	9,55E-04	1043.0
0.015400275983799394	0.0027811670813135654	9,55E-04	1044.0
0.015356271537706457	0.0027576575514583045	9,55E-04	1045.0
0.015369332379821157	0.002701640955372167	9,55E-04	1046.0
0.015221798889021082	0.0026586912025289857	9,55E-04	1047.0
0.01535321433605427	0.0026338106965633538	9,55E-04	1048.0
0.01566628171388151	0.0026188794462142398	9,55E-04	1049.0
0.015926284563388477	0.0026100673309867426	9,55E-04	1050.0
0.015998714348358204	0.0026100673309867426	9,55E-04	1051.0
0.015998714348358204	0.002619881591291349	9,55E-04	1052.0
0.015935622198866333	0.00261813671546853	9,55E-04	1053.0
0.015015344669057382	0.0026453747050834645	9,55E-04	1054.0
0.014271538288365897	0.002648541743926242	9,55E-04	1055.0
0.013227501497730887	0.002634341694181259	9,55E-04	1056.0
0.012096187907953374	0.002630884127878014	9,55E-04	1057.0
0.011147878837440355	0.002636159382226132	9,55E-04	1058.0
0.01026835603822548	0.0026525091389868333	9,55E-04	1059.0
0.009566548952089237	0.0026782169556357946	9,55E-04	1060.0
0.009665284773074564	0.0026782169556357946	9,55E-04	1061.0
0.009665284773074564	0.0026237920260344574	9,55E-04	1062.0
0.009033193797363233	0.0025368819952889857	9,55E-04	1063.0
0.008804971824384084	0.0024643146444131674	9,55E-04	1064.0
0.00915289485957314	0.0024005659112545123	9,55E-04	1065.0
0.009487196019179071	0.002313690445705269	9,55E-04	1066.0
0.009768533001696807	0.002237603793513302	9,55E-04	1067.0
0.009959770235036997	0.0021707341826194284	9,55E-04	1068.0
0.01077057879513392	0.002113335699655428	9,55E-04	1069.0
0.011566063502109009	0.0020711864043985203	9,55E-04	1070.0
0.012396997650677996	0.0020711864043985203	9,55E-04	1071.0
0.012396997650677996	0.002040464037394368	9,55E-04	1072.0
0.012641009223213411	0.0019988026409270294	9,55E-04	1073.0
0.01226686106368812	0.0019665698121956936	9,55E-04	1074.0
0.011898750799578486	0.001939952127796597	9,55E-04	1075.0
0.011944734196042707	0.001929859736785061	9,55E-04	1076.0
0.011982338928614899	0.0018703455909054078	9,55E-04	1077.0
0.011558754806410857	0.0018190141635721286	9,55E-04	1078.0
0.01130737011645906	0.001777749137828079	9,55E-04	1079.0
0.011174596854025843	0.001743481903536749	9,55E-04	1080.0
0.011049219136080828	0.001743481903536749	9,55E-04	1081.0
0.011049219136080828	0.0016787036208237474	9,55E-04	1082.0
0.009955309085451527	0.00165513873459332	9,55E-04	1083.0
0.009146063565313865	0.0016585159213106358	9,55E-04	1084.0
0.008532420830132056	0.0016712387520569003	9,55E-04	1085.0
0.007959930432787159	0.0016934070230745562	9,55E-04	1086.0
0.008159882288988708	0.001724942313673667	9,55E-04	1087.0
0.008516291640793164	0.0017511700805297277	9,55E-04	1088.0
0.009244443481247974	0.0017943881204831953	9,55E-04	1089.0
0.010147080544056629	0.0018452459819248523	9,55E-04	1090.0
0.011033371957454755	0.0018452459819248523	9,55E-04	1091.0
0.011033371957454755	0.0018145539724254427	9,55E-04	1092.0
0.011899789931180012	0.001789372820138825	9,55E-04	1093.0
0.011711249644338765	0.0017538403593657492	9,55E-04	1094.0
0.011043117100725386	0.0017319447501333266	9,55E-04	1095.0
0.010354847616971691	0.0017222716177549425	9,55E-04	1096.0
0.010067126310205404	0.0017273498532332156	9,55E-04	1097.0
0.010158592560956818	0.0017416265712455004	9,55E-04	1098.0
0.010241098738754256	0.0017682413835266623	9,55E-04	1099.0
0.010347228862130908	0.0018135661664685507	9,55E-04	1100.0
0.011272234288258102	0.0018135661664685507	9,55E-04	1101.0
0.011272234288258102	0.0018424662341867822	9,55E-04	1102.0
0.011357138025928616	0.0018407590317261356	9,55E-04	1103.0
0.0109593802508036	0.0017920491025375026	9,55E-04	1104.0
0.010762950945250524	0.0017548479798991294	9,55E-04	1105.0
0.010515559763681811	0.0017275768941147213	9,55E-04	1106.0
0.010257483462583573	0.0016949609540530953	9,55E-04	1107.0
0.010035102290407641	0.0016727317442200927	9,55E-04	1108.0
0.01060148172872075	0.0016589586158592376	9,55E-04	1109.0
0.011130329370438887	0.0016549948541870823	9,55E-04	1110.0
0.011699438058086164	0.0016549948541870823	9,55E-04	1111.0
0.011699438058086164	0.0016776143136771565	9,55E-04	1112.0
0.012281323701277507	0.0016884633014235529	9,55E-04	1113.0
0.011922387133091987	0.0016937198369858819	9,55E-04	1114.0
0.011169043954230119	0.001704950959841349	9,55E-04	1115.0
0.010433218408251833	0.0017247602179019759	9,55E-04	1116.0
0.00961348057862474	0.001756299156168932	9,55E-04	1117.0
0.00902826863989361	0.0017970195673235087	9,55E-04	1118.0
0.009588547732446245	0.0018450866106274155	9,55E-04	1119.0
0.010874598127998576	0.001901546870973751	9,55E-04	1120.0
0.012207343433994258	0.001901546870973751	9,55E-04	1121.0
0.012207343433994258	0.0019765817684142296	9,55E-04	1122.0
0.012645634329855314	0.002045865467960933	9,55E-04	1123.0
0.013338024765583966	0.0020934177282823092	9,55E-04	1124.0
0.013601234032721956	0.0021453829410419366	9,55E-04	1125.0
0.013898272121963396	0.0021960305241694577	9,55E-04	1126.0
0.014835049515958708	0.002259134439727159	9,55E-04	1127.0
0.01623829799887034	0.002331162577257838	9,55E-04	1128.0
0.01770956019209375	0.0024177222597425276	9,55E-04	1129.0
0.01929519920060335	0.0025174688438906676	9,55E-04	1130.0
0.02101303459591978	0.0025174688438906676	9,55E-04	1131.0
0.02101303459591978	0.002596504483034795	9,55E-04	1132.0
0.022454991467447418	0.0026789241073315816	9,55E-04	1133.0
0.024044663223128784	0.0027284758655878156	9,55E-04	1134.0
0.02326162196388875	0.0027780141180487002	9,55E-04	1135.0
0.022576222437588105	0.0028208887293702275	9,55E-04	1136.0
0.02186822850837601	0.002870247342209646	9,55E-04	1137.0
0.021197657217062748	0.0029294226688171966	9,55E-04	1138.0
0.02032030283607343	0.002888097087424431	9,55E-04	1139.0
0.020509627565618967	0.002849613741377268	9,55E-04	1140.0
0.020543059167309037	0.002849613741377268	9,55E-04	1141.0
0.020543059167309037	0.0028122650943329234	9,55E-04	1142.0
0.020569686562397854	0.002707005869885917	9,55E-04	1143.0
0.020412402198035386	0.0026060390180815364	9,55E-04	1144.0
0.019954158376246617	0.002506225848060224	9,55E-04	1145.0
0.018250077712974575	0.0024123947915870975	9,55E-04	1146.0
0.016618770944797506	0.0023292666128836674	9,55E-04	1147.0
0.015106040617946717	0.0022509051579537565	9,55E-04	1148.0
0.013665710191480494	0.0021809048945505777	9,55E-04	1149.0
0.012688464851430648	0.00211922447679259	9,55E-04	1150.0
0.01221366762795793	0.00211922447679259	9,55E-04	1151.0
0.01221366762795793	0.002044314995290016	9,55E-04	1152.0
0.011122424332551718	0.001970333479434203	9,55E-04	1153.0
0.01023432905371385	0.0019104114023812712	9,55E-04	1154.0
0.00981893755559275	0.0018555414824287986	9,55E-04	1155.0
0.01014761471164713	0.0017845030828428075	9,55E-04	1156.0
0.010592362969619904	0.0017280664415660163	9,55E-04	1157.0
0.011429516065232969	0.0016799537530387092	9,55E-04	1158.0
0.012278182789465875	0.0016431311261919078	9,55E-04	1159.0
0.013213845295541296	0.0016226177518860652	9,55E-04	1160.0
0.01414612497276265	0.0016226177518860652	9,55E-04	1161.0
0.01414612497276265	0.001584595071456674	9,55E-04	1162.0
0.014324793740621164	0.0015398791401810346	9,55E-04	1163.0
0.01450454349310172	0.001523874485454691	9,55E-04	1164.0
0.014923797177695602	0.0015161482925511753	9,55E-04	1165.0
0.014548261304960767	0.0015109458870486668	9,55E-04	1166.0
0.014400790452862227	0.0015206726785302078	9,55E-04	1167.0
0.015146752709220007	0.0015379571574705118	9,55E-04	1168.0
0.01608484823107109	0.0015517328258891417	9,55E-04	1169.0
0.016951228622500238	0.0015677639687462505	9,55E-04	1170.0
0.017750744858366935	0.0015677639687462505	9,55E-04	1171.0
0.017750744858366935	0.0015589117989820312	9,55E-04	1172.0
0.01862204044890889	0.001538776296932698	9,55E-04	1173.0
0.018430010031783	0.0015418483845080903	9,55E-04	1174.0
0.01816379149111428	0.0014990093516707693	9,55E-04	1175.0
0.017315754002743808	0.0014684618898584175	9,55E-04	1176.0
0.016756397921477338	0.0014445126507188078	9,55E-04	1177.0
0.016642999581350792	0.0014298660784839096	9,55E-04	1178.0
0.016496901600911974	0.0014365594595939675	9,55E-04	1179.0
0.016704438762753834	0.001461460551079528	9,55E-04	1180.0
0.01639444110438497	0.001461460551079528	9,55E-04	1181.0
0.01639444110438497	0.001433305739912139	9,55E-04	1182.0
0.016031701246268647	0.001405587085927777	9,55E-04	1183.0
0.015113366721670516	0.0013732267761365218	9,55E-04	1184.0
0.014308757669217522	0.0013102840085550684	9,55E-04	1185.0
0.013592984152605951	0.0012579077179671173	9,55E-04	1186.0
0.012740837710807763	0.0012159639334900427	9,55E-04	1187.0
0.01190412426913617	0.0011799468285224267	9,55E-04	1188.0
0.011094253898884686	0.0011393786750358288	9,55E-04	1189.0
0.010807672793404537	0.0011081552105451215	9,55E-04	1190.0
0.010470603615870834	0.0011081552105451215	9,55E-04	1191.0
0.010470603615870834	0.001038223518903077	9,55E-04	1192.0
0.009707985596918142	9,99E-04	9,55E-04	1193.0
0.009305103388122501	9,99E-04	9,55E-04	1194.0
